4242 9043 5351 95 | 05/33 | 442
4242 9444 7891 28 | 09/30 | 138
4141 4652 5011 35 | 09/26 | 516
4181 3848 8033 56 | 06/33 | 328
5255 5286 8279 51 | 12/31 | 296
4575 5706 7982 91 | 08/29 | 574
5276 6805 5287 52 | 11/33 | 217
5276 2980 7958 52 | 11/32 | 754
5255 1247 0893 51 | 06/32 | 253
5255 3516 4063 08 | 12/30 | 398
4141 4602 1285 26 | 05/28 | 434
4242 3387 4706 22 | 05/34 | 745
4575 7591 7587 86 | 01/32 | 551
5057 5049 3570 64 | 09/34 | 151
4575 2350 1976 23 | 02/34 | 831
4575 2362 9001 62 | 01/26 | 119
4242 4217 2143 05 | 09/32 | 294
4141 8679 9092 54 | 05/27 | 825
4181 4441 4655 36 | 12/33 | 474
5189 3453 8575 55 | 02/26 | 386
5276 2783 9103 77 | 12/32 | 915
4181 3757 6797 22 | 10/33 | 743
4181 5469 0335 93 | 05/27 | 496
4242 4517 1362 40 | 01/34 | 918
4141 3788 5362 47 | 12/29 | 468
4575 4381 3760 93 | 02/33 | 781
4575 7033 6968 42 | 03/33 | 297
4181 7649 9950 14 | 06/29 | 789
4181 6739 0670 56 | 01/28 | 213
5276 4767 3401 67 | 11/28 | 330
4242 0589 3318 34 | 10/27 | 930
4141 3339 1966 40 | 08/27 | 685
4575 6330 9898 01 | 10/33 | 929
4181 7770 4227 47 | 07/30 | 464
4575 1355 0629 72 | 06/32 | 787
4242 4718 5856 33 | 07/29 | 113
5255 3508 7467 86 | 01/26 | 600
5057 8244 3396 71 | 10/29 | 412
5276 9131 3917 05 | 08/27 | 615
4575 9469 5626 47 | 10/34 | 261
5255 5698 6888 92 | 01/28 | 838
4242 7445 4294 39 | 02/30 | 328
5057 5945 8533 98 | 03/28 | 932
4575 9668 8727 97 | 07/30 | 160
5057 6531 3044 24 | 06/26 | 491
4181 4223 1640 00 | 01/34 | 747
4181 7085 2389 11 | 02/33 | 544
4141 0404 5664 83 | 10/27 | 633
5276 1341 7549 54 | 08/34 | 956
4575 7782 9726 42 | 09/26 | 772
5189 5774 2453 37 | 08/32 | 766
5189 2678 9396 69 | 12/28 | 972
4141 6731 0059 70 | 02/34 | 110
5057 7861 5758 64 | 07/30 | 551
4242 0080 4705 11 | 03/26 | 761
5057 3381 6056 12 | 09/32 | 282
5276 4739 4144 70 | 05/34 | 186
4181 3514 7988 98 | 09/34 | 166
5255 3360 7121 08 | 05/26 | 562
5057 1298 0506 09 | 09/26 | 793
5276 8854 7494 95 | 01/34 | 290
5255 9895 4114 88 | 07/34 | 248
5276 4501 1955 96 | 05/28 | 324
5189 3860 4011 38 | 09/32 | 590
5057 1042 6048 59 | 08/27 | 299
5276 9510 2028 04 | 03/29 | 864
4181 7987 6435 23 | 07/32 | 227
5276 6561 7523 80 | 02/29 | 424
5057 9944 4132 53 | 07/30 | 696
4141 4439 1096 24 | 02/27 | 266
5276 5491 2713 13 | 05/28 | 944
4141 5836 9376 57 | 08/26 | 880
5276 0074 1941 31 | 08/27 | 100
5057 1009 7025 06 | 10/30 | 413
5276 4221 6440 55 | 07/32 | 315
4141 0847 8392 57 | 03/27 | 933
4141 9518 2333 93 | 03/29 | 590
5189 6036 4418 05 | 08/27 | 302
4575 1919 6443 72 | 11/26 | 559
4575 8957 3572 62 | 12/28 | 364
5189 6970 1079 25 | 03/34 | 153
4575 9146 4084 61 | 06/27 | 740
4242 6190 0757 93 | 08/26 | 666
4575 8085 5304 00 | 12/31 | 180
5255 6273 4942 92 | 09/29 | 107
5057 0436 8469 51 | 05/28 | 644
4242 9233 6981 75 | 10/33 | 966
5255 5126 1131 09 | 12/34 | 881
4181 3838 3156 84 | 09/34 | 778
4141 1818 2071 44 | 08/26 | 889
4575 2052 8348 20 | 09/32 | 794
4242 9160 9401 60 | 02/27 | 870
4575 7553 8023 09 | 07/30 | 347
5255 9984 1503 44 | 04/27 | 480
4242 3893 3390 22 | 08/33 | 227
5276 6475 3089 15 | 10/34 | 573
4181 9160 0820 40 | 11/30 | 476
4575 7622 7953 02 | 08/29 | 790
5057 1716 7984 66 | 08/34 | 654
4181 4706 1678 35 | 01/29 | 199
5255 7451 0236 63 | 09/29 | 900
5189 6402 1555 26 | 04/30 | 585
5189 6979 4153 78 | 02/29 | 228
5057 2988 9484 82 | 10/29 | 363
4242 3515 6023 85 | 06/31 | 688
4141 1696 0025 42 | 02/34 | 491
4242 4212 8865 03 | 03/33 | 236
5189 8621 8718 00 | 10/28 | 288
4181 7173 0541 47 | 01/31 | 181
4141 8787 5157 79 | 07/33 | 756
4181 9718 1875 49 | 02/27 | 386
4181 2967 1227 21 | 02/26 | 224
5189 4844 4793 15 | 01/31 | 501
4242 7137 6276 05 | 01/26 | 191
5255 3579 6853 84 | 02/33 | 555
5276 9909 0604 25 | 02/34 | 361
5057 2744 8522 42 | 03/33 | 162
5189 5345 1060 34 | 07/29 | 484
4242 2221 5574 46 | 09/33 | 551
5057 6370 0445 29 | 05/32 | 256
4575 5581 7698 47 | 06/30 | 197
4181 8831 4300 59 | 12/28 | 772
5189 7040 2731 50 | 07/33 | 976
5057 9151 5262 50 | 05/33 | 128
4141 2958 0166 75 | 04/26 | 522
5255 8308 0248 96 | 04/28 | 873
4575 3022 6473 91 | 10/27 | 318
4575 0797 6255 86 | 07/28 | 607
4242 8490 8262 30 | 03/32 | 212
5276 8999 6665 39 | 11/31 | 526
5189 1745 5343 96 | 12/32 | 941
4242 3199 5927 46 | 08/27 | 759
4141 4133 4640 10 | 05/30 | 523
5255 4391 4005 98 | 06/32 | 526
4242 9876 5218 58 | 01/31 | 736
5255 8426 0735 10 | 01/34 | 196
5276 4441 6275 75 | 02/31 | 346
4181 5151 6998 83 | 12/34 | 946
5255 1374 9297 00 | 03/29 | 720
4242 7211 2782 00 | 06/32 | 303
4242 3885 2051 99 | 06/31 | 878
4181 0178 4423 75 | 03/27 | 838
4141 3333 2767 60 | 03/26 | 769
4575 2457 5568 46 | 02/34 | 914
4242 7796 4598 45 | 06/31 | 736
4575 1573 0241 27 | 04/27 | 389
5189 3135 8904 38 | 05/31 | 944
5057 7096 2159 22 | 10/34 | 819
4181 1343 9376 61 | 06/29 | 828
4181 5485 0970 36 | 07/27 | 614
4141 3088 0695 92 | 11/34 | 264
5057 3505 9078 45 | 01/31 | 364
4181 3598 3729 74 | 05/27 | 298
5255 8802 4761 47 | 10/26 | 219
4575 1821 7883 33 | 07/31 | 911
5189 8836 7255 93 | 08/31 | 628
4575 1128 6775 69 | 04/26 | 752
5057 4587 5380 52 | 07/32 | 969
4575 3550 7254 11 | 08/29 | 647
4575 9019 3850 77 | 02/27 | 694
5189 9463 1998 21 | 06/34 | 326
4181 0420 6784 95 | 06/30 | 662
5189 5860 8819 20 | 05/31 | 988
5255 8793 6880 23 | 03/31 | 408
4181 3540 6421 10 | 10/28 | 737
5057 9257 2089 02 | 08/34 | 186
4141 4409 2694 40 | 06/27 | 422
4141 8747 7487 67 | 04/29 | 695
4242 4804 7221 16 | 03/28 | 917
5255 4988 9057 02 | 04/32 | 802
5255 0870 8438 03 | 09/29 | 444
5276 3107 6779 40 | 05/29 | 763
4242 9517 6154 08 | 10/34 | 362
4181 8434 2412 34 | 01/26 | 902
5189 1262 9120 66 | 01/26 | 319
5255 2688 5256 89 | 09/27 | 131
4575 6390 2170 10 | 11/29 | 968
4575 0014 9365 43 | 05/26 | 140
4242 2945 6876 10 | 03/28 | 438
5189 0983 2385 61 | 04/30 | 740
4181 3281 0058 81 | 01/29 | 477
5276 0387 3366 27 | 01/31 | 168
5057 2714 7756 62 | 11/34 | 483
5276 0381 9661 48 | 10/31 | 686
5276 1753 2079 05 | 07/30 | 107
5276 5973 8389 69 | 06/29 | 962
5255 7729 1616 67 | 07/26 | 839
4242 1861 3376 48 | 03/26 | 529
4181 5328 0350 86 | 01/28 | 887
5276 0851 3906 96 | 09/32 | 315
4575 8130 0423 51 | 04/26 | 555
4242 5878 7962 41 | 12/27 | 609
4141 1377 7100 17 | 04/32 | 817
5276 8978 5474 52 | 09/27 | 498
5189 9129 6001 70 | 01/34 | 417
4575 2164 9849 68 | 05/33 | 177
4141 2592 8312 99 | 01/30 | 322
4141 0972 1006 99 | 11/30 | 817
5189 6212 6453 10 | 05/31 | 331
4181 3534 4125 87 | 06/27 | 703
